# BEGIN PLOT
LegendOnly=//home/soumyadip/Workspace/Zigzag/25Dec2022_py8.yoda/MC_JETS/jet_pT_1
XLabel=$p_\perp(\mathrm{jet~1})$ [GeV]
YLabel=$\mathrm{d}\sigma/\mathrm{d}p_\perp(\mathrm{jet~1})$ [pb/GeV]
XMin=20.0
DrawOnly=//home/soumyadip/Workspace/Zigzag/25Dec2022_py8.yoda/MC_JETS/jet_pT_1
Title=Transverse momentum of leading jet
Legend=1
LogX=1
LogY=1
# END PLOT

# BEGIN HISTO1D //home/soumyadip/Workspace/Zigzag/25Dec2022_py8.yoda/MC_JETS/jet_pT_1
LineColor=red
LineStyle=solid
Path=//home/soumyadip/Workspace/Zigzag/25Dec2022_py8.yoda/MC_JETS/jet_pT_1
ScaledBy=1.43580032793284487e+06
Title=25Dec2022_py8
# xlow	 xhigh	 val	 errminus	 errplus
1.000000e+01	1.059544e+01	0.000000e+00	0.000000e+00	0.000000e+00
1.059544e+01	1.122633e+01	0.000000e+00	0.000000e+00	0.000000e+00
1.122633e+01	1.189478e+01	0.000000e+00	0.000000e+00	0.000000e+00
1.189478e+01	1.260304e+01	0.000000e+00	0.000000e+00	0.000000e+00
1.260304e+01	1.335347e+01	0.000000e+00	0.000000e+00	0.000000e+00
1.335347e+01	1.414858e+01	0.000000e+00	0.000000e+00	0.000000e+00
1.414858e+01	1.499104e+01	0.000000e+00	0.000000e+00	0.000000e+00
1.499104e+01	1.588366e+01	0.000000e+00	0.000000e+00	0.000000e+00
1.588366e+01	1.682943e+01	0.000000e+00	0.000000e+00	0.000000e+00
1.682943e+01	1.783152e+01	0.000000e+00	0.000000e+00	0.000000e+00
1.783152e+01	1.889327e+01	0.000000e+00	0.000000e+00	0.000000e+00
1.889327e+01	2.001825e+01	2.693867e+06	6.578673e+05	6.578673e+05
2.001825e+01	2.121020e+01	8.780972e+07	3.147778e+06	3.147778e+06
2.121020e+01	2.247314e+01	7.972825e+07	2.858867e+06	2.858867e+06
2.247314e+01	2.381127e+01	7.353513e+07	2.584387e+06	2.584387e+06
2.381127e+01	2.522908e+01	6.197823e+07	2.173545e+06	2.173545e+06
2.522908e+01	2.673131e+01	5.186478e+07	1.843336e+06	1.843336e+06
2.673131e+01	2.832298e+01	4.017884e+07	1.485230e+06	1.485230e+06
2.832298e+01	3.000944e+01	3.566609e+07	1.296073e+06	1.296073e+06
3.000944e+01	3.179631e+01	2.543774e+07	9.966029e+05	9.966029e+05
3.179631e+01	3.368957e+01	2.068528e+07	8.157862e+05	8.157862e+05
3.368957e+01	3.569557e+01	1.600629e+07	6.058918e+05	6.058918e+05
3.569557e+01	3.782101e+01	1.068913e+07	3.919317e+05	3.919317e+05
3.782101e+01	4.007301e+01	8.786026e+06	3.162352e+05	3.162352e+05
4.007301e+01	4.245911e+01	6.445304e+06	2.414828e+05	2.414828e+05
4.245911e+01	4.498727e+01	4.581344e+06	1.854704e+05	1.854704e+05
4.498727e+01	4.766598e+01	3.574905e+06	1.270899e+05	1.270899e+05
4.766598e+01	5.050418e+01	2.773697e+06	1.061891e+05	1.061891e+05
5.050418e+01	5.351138e+01	1.971394e+06	6.856272e+04	6.856272e+04
5.351138e+01	5.669764e+01	1.521816e+06	5.402323e+04	5.402323e+04
5.669764e+01	6.007363e+01	1.116653e+06	3.830118e+04	3.830118e+04
6.007363e+01	6.365063e+01	8.458736e+05	3.154832e+04	3.154832e+04
6.365063e+01	6.744061e+01	6.233173e+05	2.201171e+04	2.201171e+04
6.744061e+01	7.145627e+01	4.728715e+05	1.625919e+04	1.625919e+04
7.145627e+01	7.571103e+01	3.536338e+05	1.153670e+04	1.153670e+04
7.571103e+01	8.021914e+01	2.635781e+05	8.726719e+03	8.726719e+03
8.021914e+01	8.499568e+01	1.965266e+05	6.020078e+03	6.020078e+03
8.499568e+01	9.005663e+01	1.380455e+05	4.362926e+03	4.362926e+03
9.005663e+01	9.541892e+01	1.064661e+05	3.461180e+03	3.461180e+03
9.541892e+01	1.011005e+02	7.700099e+04	2.558113e+03	2.558113e+03
1.011005e+02	1.071204e+02	6.008665e+04	1.867212e+03	1.867212e+03
1.071204e+02	1.134987e+02	4.265527e+04	1.454390e+03	1.454390e+03
1.134987e+02	1.202569e+02	3.277373e+04	1.102247e+03	1.102247e+03
1.202569e+02	1.274174e+02	2.367134e+04	7.744396e+02	7.744396e+02
1.274174e+02	1.350043e+02	1.696543e+04	6.018315e+02	6.018315e+02
1.350043e+02	1.430429e+02	1.241349e+04	4.143237e+02	4.143237e+02
1.430429e+02	1.515602e+02	9.267227e+03	2.955083e+02	2.955083e+02
1.515602e+02	1.605846e+02	6.753926e+03	2.247049e+02	2.247049e+02
1.605846e+02	1.701464e+02	4.838520e+03	1.623037e+02	1.623037e+02
1.701464e+02	1.802776e+02	3.751015e+03	1.313397e+02	1.313397e+02
1.802776e+02	1.910119e+02	2.632570e+03	9.172118e+01	9.172118e+01
1.910119e+02	2.023855e+02	1.970687e+03	6.788191e+01	6.788191e+01
2.023855e+02	2.144362e+02	1.304496e+03	4.449023e+01	4.449023e+01
2.144362e+02	2.272045e+02	1.005333e+03	3.810823e+01	3.810823e+01
2.272045e+02	2.407331e+02	6.972908e+02	2.443258e+01	2.443258e+01
2.407331e+02	2.550672e+02	5.224202e+02	1.959230e+01	1.959230e+01
2.550672e+02	2.702549e+02	3.561491e+02	1.238431e+01	1.238431e+01
2.702549e+02	2.863468e+02	2.639991e+02	9.514284e+00	9.514284e+00
2.863468e+02	3.033969e+02	1.877858e+02	7.176246e+00	7.176246e+00
3.033969e+02	3.214623e+02	1.401852e+02	5.536581e+00	5.536581e+00
3.214623e+02	3.406033e+02	9.887926e+01	3.791496e+00	3.791496e+00
3.406033e+02	3.608840e+02	6.905940e+01	2.815177e+00	2.815177e+00
3.608840e+02	3.823724e+02	4.832142e+01	1.988540e+00	1.988540e+00
3.823724e+02	4.051402e+02	3.514987e+01	1.407208e+00	1.407208e+00
4.051402e+02	4.292637e+02	2.416600e+01	1.023148e+00	1.023148e+00
4.292637e+02	4.548236e+02	1.823548e+01	8.155889e-01	8.155889e-01
4.548236e+02	4.819055e+02	1.223780e+01	5.295841e-01	5.295841e-01
4.819055e+02	5.105999e+02	8.245121e+00	4.112417e-01	4.112417e-01
5.105999e+02	5.410028e+02	5.663335e+00	2.842684e-01	2.842684e-01
5.410028e+02	5.732161e+02	4.029690e+00	1.966664e-01	1.966664e-01
5.732161e+02	6.073474e+02	2.978486e+00	2.359357e-01	2.359357e-01
6.073474e+02	6.435111e+02	1.904649e+00	1.057737e-01	1.057737e-01
6.435111e+02	6.818280e+02	1.316566e+00	7.769549e-02	7.769549e-02
6.818280e+02	7.224265e+02	8.519593e-01	4.939572e-02	4.939572e-02
7.224265e+02	7.654424e+02	6.422076e-01	3.843295e-02	3.843295e-02
7.654424e+02	8.110196e+02	3.915352e-01	2.476769e-02	2.476769e-02
8.110196e+02	8.593106e+02	2.832988e-01	1.700143e-02	1.700143e-02
8.593106e+02	9.104771e+02	1.755521e-01	1.282542e-02	1.282542e-02
9.104771e+02	9.646902e+02	1.245597e-01	8.721646e-03	8.721646e-03
9.646902e+02	1.022131e+03	8.825763e-02	6.581425e-03	6.581425e-03
1.022131e+03	1.082993e+03	5.434805e-02	4.195346e-03	4.195346e-03
1.082993e+03	1.147478e+03	3.743678e-02	2.919281e-03	2.919281e-03
1.147478e+03	1.215803e+03	2.354709e-02	2.167704e-03	2.167704e-03
1.215803e+03	1.288196e+03	1.272399e-02	1.191991e-03	1.191991e-03
1.288196e+03	1.364900e+03	1.055602e-02	1.139638e-03	1.139638e-03
1.364900e+03	1.446171e+03	6.599568e-03	8.594470e-04	8.594470e-04
1.446171e+03	1.532281e+03	3.070804e-03	4.299864e-04	4.299864e-04
1.532281e+03	1.623519e+03	1.894314e-03	2.759659e-04	2.759659e-04
1.623519e+03	1.720189e+03	1.073826e-03	1.989722e-04	1.989722e-04
1.720189e+03	1.822615e+03	7.475954e-04	1.103396e-04	1.103396e-04
1.822615e+03	1.931140e+03	4.875024e-04	9.586013e-05	9.586013e-05
1.931140e+03	2.046127e+03	3.620199e-04	6.408736e-05	6.408736e-05
2.046127e+03	2.167961e+03	1.749803e-04	3.629598e-05	3.629598e-05
2.167961e+03	2.297050e+03	7.191009e-05	1.884108e-05	1.884108e-05
2.297050e+03	2.433824e+03	7.428225e-05	2.189709e-05	2.189709e-05
2.433824e+03	2.578743e+03	2.312505e-05	8.716432e-06	8.716432e-06
2.578743e+03	2.732290e+03	2.390290e-05	1.358741e-05	1.358741e-05
2.732290e+03	2.894981e+03	3.018761e-06	2.159704e-06	2.159704e-06
2.894981e+03	3.067358e+03	2.686784e-06	1.919423e-06	1.919423e-06
3.067358e+03	3.250000e+03	7.626690e-07	7.626691e-07	7.626691e-07
# END HISTO1D

