# BEGIN PLOT
LegendOnly=/CMS_2018_I1680318/d05-x01-y01 //home/soumyadip/Workspace/Zigzag/mg5py8_1.yoda/CMS_2018_I1680318/d05-x01-y01
DrawOnly=/CMS_2018_I1680318/d05-x01-y01 //home/soumyadip/Workspace/Zigzag/mg5py8_1.yoda/CMS_2018_I1680318/d05-x01-y01
YMax=10.
Title=CMS, 13 TeV, $pp$ Inelastic
RatioPlotReference=/CMS_2018_I1680318/d05-x01-y01
RatioPlot=1
LogX=0
LogY=1
RatioPlotYMax=1.4
XLabel=$n_{ch}$ 
YLabel=$(1/N^{tot}_{events})dN_{events}/dn_{ch}$ 
YMin=0.0003
Legend=1
RatioPlotYMin=0.6
# END PLOT

# BEGIN HISTO1D /CMS_2018_I1680318/d05-x01-y01
ConnectBins=0
ErrorBars=1
Path=/CMS_2018_I1680318/d05-x01-y01
PolyMarker=*
Title=Data
# xlow	 xhigh	 val	 errminus	 errplus
1.000000e+00	2.000000e+00	7.824546e-02	3.195896e-03	4.507592e-03
2.000000e+00	3.000000e+00	8.827195e-02	3.742658e-03	4.825459e-03
3.000000e+00	4.000000e+00	8.278952e-02	3.382624e-03	4.094068e-03
4.000000e+00	5.000000e+00	6.965208e-02	2.833949e-03	3.252998e-03
5.000000e+00	6.000000e+00	5.581930e-02	2.275028e-03	2.656646e-03
6.000000e+00	7.000000e+00	5.005993e-02	2.038137e-03	2.497130e-03
7.000000e+00	8.000000e+00	4.081031e-02	1.674688e-03	2.132005e-03
8.000000e+00	9.000000e+00	3.515179e-02	1.436672e-03	1.890166e-03
9.000000e+00	1.000000e+01	3.175887e-02	1.291714e-03	1.742549e-03
1.000000e+01	1.100000e+01	2.980017e-02	1.219967e-03	1.661235e-03
1.100000e+01	1.200000e+01	2.602138e-02	1.061427e-03	1.446986e-03
1.200000e+01	1.300000e+01	2.427961e-02	9.877601e-04	1.327183e-03
1.300000e+01	1.400000e+01	2.346917e-02	9.505400e-04	1.252663e-03
1.400000e+01	1.500000e+01	2.213922e-02	8.957369e-04	1.159988e-03
1.500000e+01	1.600000e+01	2.105518e-02	8.527935e-04	1.090512e-03
1.600000e+01	1.700000e+01	1.916391e-02	7.731404e-04	9.744966e-04
1.700000e+01	1.800000e+01	1.824895e-02	7.371561e-04	9.043234e-04
1.800000e+01	1.900000e+01	1.716126e-02	6.942972e-04	8.202228e-04
1.900000e+01	2.000000e+01	1.638750e-02	6.636501e-04	7.507564e-04
2.000000e+01	2.100000e+01	1.543813e-02	6.252822e-04	6.783646e-04
2.100000e+01	2.200000e+01	1.442144e-02	5.817886e-04	6.089485e-04
2.200000e+01	2.300000e+01	1.366029e-02	5.515373e-04	5.626764e-04
2.300000e+01	2.400000e+01	1.294189e-02	5.231059e-04	5.288963e-04
2.400000e+01	2.500000e+01	1.215537e-02	4.935612e-04	4.960670e-04
2.500000e+01	2.600000e+01	1.139513e-02	4.671033e-04	4.638934e-04
2.600000e+01	2.700000e+01	1.089734e-02	4.484100e-04	4.407555e-04
2.700000e+01	2.800000e+01	1.035253e-02	4.284481e-04	4.184886e-04
2.800000e+01	2.900000e+01	9.700730e-03	4.033424e-04	3.924826e-04
2.900000e+01	3.000000e+01	9.147820e-03	3.820806e-04	3.705710e-04
3.000000e+01	3.100000e+01	8.572610e-03	3.616518e-04	3.476845e-04
3.100000e+01	3.200000e+01	8.334510e-03	3.565069e-04	3.369553e-04
3.200000e+01	3.300000e+01	7.761600e-03	3.398749e-04	3.141445e-04
3.300000e+01	3.400000e+01	7.282490e-03	3.278874e-04	2.950872e-04
3.400000e+01	3.500000e+01	6.838140e-03	3.171266e-04	2.774211e-04
3.500000e+01	3.600000e+01	6.426440e-03	3.064021e-04	2.611975e-04
3.600000e+01	3.700000e+01	6.180380e-03	3.003473e-04	2.505228e-04
3.700000e+01	3.800000e+01	5.756250e-03	2.845572e-04	2.340290e-04
3.800000e+01	3.900000e+01	5.374460e-03	2.690283e-04	2.191404e-04
3.900000e+01	4.000000e+01	5.072110e-03	2.562124e-04	2.072443e-04
4.000000e+01	4.100000e+01	4.710860e-03	2.395707e-04	1.927958e-04
4.100000e+01	4.200000e+01	4.543790e-03	2.318543e-04	1.851324e-04
4.200000e+01	4.300000e+01	4.249570e-03	2.193254e-04	1.733660e-04
4.300000e+01	4.400000e+01	3.945730e-03	2.071953e-04	1.612910e-04
4.400000e+01	4.500000e+01	3.741470e-03	2.010504e-04	1.535823e-04
4.500000e+01	4.600000e+01	3.437710e-03	1.902195e-04	1.415985e-04
4.600000e+01	4.700000e+01	3.287490e-03	1.876785e-04	1.345620e-04
4.700000e+01	4.800000e+01	3.052350e-03	1.812671e-04	1.250448e-04
4.800000e+01	4.900000e+01	2.826410e-03	1.751276e-04	1.159451e-04
4.900000e+01	5.000000e+01	2.642040e-03	1.705544e-04	1.084743e-04
5.000000e+01	5.100000e+01	2.463320e-03	1.651700e-04	1.014033e-04
5.100000e+01	5.300000e+01	2.242340e-03	1.555626e-04	9.199198e-05
5.300000e+01	5.500000e+01	1.922060e-03	1.392674e-04	7.932316e-05
5.500000e+01	5.700000e+01	1.664750e-03	1.277508e-04	6.896569e-05
5.700000e+01	5.900000e+01	1.440920e-03	1.186596e-04	5.989631e-05
5.900000e+01	6.100000e+01	1.224730e-03	1.085751e-04	5.146458e-05
6.100000e+01	6.300000e+01	1.084370e-03	1.018114e-04	4.539869e-05
6.300000e+01	6.500000e+01	9.169800e-04	8.973161e-05	3.886788e-05
6.500000e+01	6.700000e+01	8.071400e-04	8.119718e-05	3.446709e-05
6.700000e+01	7.100000e+01	6.439200e-04	6.697276e-05	2.768908e-05
# END HISTO1D


# BEGIN HISTO1D //home/soumyadip/Workspace/Zigzag/mg5py8_1.yoda/CMS_2018_I1680318/d05-x01-y01
LineColor=red
LineStyle=solid
Path=//home/soumyadip/Workspace/Zigzag/mg5py8_1.yoda/CMS_2018_I1680318/d05-x01-y01
ScaledBy=5.30420825289538203e-13
Title=mg5py8_1
# xlow	 xhigh	 val	 errminus	 errplus
1.000000e+00	2.000000e+00	0.000000e+00	0.000000e+00	0.000000e+00
2.000000e+00	3.000000e+00	1.440196e-04	1.018372e-04	1.018372e-04
3.000000e+00	4.000000e+00	2.160294e-04	1.247246e-04	1.247246e-04
4.000000e+00	5.000000e+00	2.160294e-04	1.247246e-04	1.247246e-04
5.000000e+00	6.000000e+00	5.040686e-04	1.905200e-04	1.905200e-04
6.000000e+00	7.000000e+00	5.760783e-04	2.036744e-04	2.036744e-04
7.000000e+00	8.000000e+00	8.641175e-04	2.494492e-04	2.494492e-04
8.000000e+00	9.000000e+00	5.760783e-04	2.036744e-04	2.036744e-04
9.000000e+00	1.000000e+01	8.641175e-04	2.494492e-04	2.494492e-04
1.000000e+01	1.100000e+01	1.512206e-03	3.299903e-04	3.299903e-04
1.100000e+01	1.200000e+01	1.512206e-03	3.299903e-04	3.299903e-04
1.200000e+01	1.300000e+01	1.224166e-03	2.969040e-04	2.969040e-04
1.300000e+01	1.400000e+01	1.512206e-03	3.299903e-04	3.299903e-04
1.400000e+01	1.500000e+01	1.800245e-03	3.600490e-04	3.600490e-04
1.500000e+01	1.600000e+01	2.808382e-03	4.497010e-04	4.497010e-04
1.600000e+01	1.700000e+01	3.168431e-03	4.776590e-04	4.776590e-04
1.700000e+01	1.800000e+01	3.744509e-03	5.192700e-04	5.192700e-04
1.800000e+01	1.900000e+01	3.744509e-03	5.192700e-04	5.192700e-04
1.900000e+01	2.000000e+01	3.528480e-03	5.040685e-04	5.040685e-04
2.000000e+01	2.100000e+01	5.112695e-03	6.067653e-04	6.067653e-04
2.100000e+01	2.200000e+01	5.544754e-03	6.318834e-04	6.318834e-04
2.200000e+01	2.300000e+01	6.696911e-03	6.944373e-04	6.944373e-04
2.300000e+01	2.400000e+01	5.832793e-03	6.480881e-04	6.480881e-04
2.400000e+01	2.500000e+01	7.849067e-03	7.518043e-04	7.518043e-04
2.500000e+01	2.600000e+01	9.865342e-03	8.428530e-04	8.428530e-04
2.600000e+01	2.700000e+01	1.015338e-02	8.550689e-04	8.550689e-04
2.700000e+01	2.800000e+01	9.001224e-03	8.050940e-04	8.050940e-04
2.800000e+01	2.900000e+01	1.044142e-02	8.671127e-04	8.671127e-04
2.900000e+01	3.000000e+01	1.238568e-02	9.443996e-04	9.443996e-04
3.000000e+01	3.100000e+01	9.937351e-03	8.459235e-04	8.459235e-04
3.100000e+01	3.200000e+01	1.130554e-02	9.022801e-04	9.022801e-04
3.200000e+01	3.300000e+01	1.260171e-02	9.526000e-04	9.526000e-04
3.300000e+01	3.400000e+01	1.274573e-02	9.580280e-04	9.580280e-04
3.400000e+01	3.500000e+01	1.224166e-02	9.388929e-04	9.388929e-04
3.500000e+01	3.600000e+01	1.526608e-02	1.048478e-03	1.048478e-03
3.600000e+01	3.700000e+01	1.440196e-02	1.018372e-03	1.018372e-03
3.700000e+01	3.800000e+01	1.605818e-02	1.075336e-03	1.075336e-03
3.800000e+01	3.900000e+01	1.332181e-02	9.794391e-04	9.794391e-04
3.900000e+01	4.000000e+01	1.375387e-02	9.951952e-04	9.951952e-04
4.000000e+01	4.100000e+01	1.317779e-02	9.741304e-04	9.741304e-04
4.100000e+01	4.200000e+01	1.447397e-02	1.020915e-03	1.020915e-03
4.200000e+01	4.300000e+01	1.375387e-02	9.951952e-04	9.951952e-04
4.300000e+01	4.400000e+01	1.548211e-02	1.055871e-03	1.055871e-03
4.400000e+01	4.500000e+01	1.180961e-02	9.221753e-04	9.221753e-04
4.500000e+01	4.600000e+01	1.627421e-02	1.082545e-03	1.082545e-03
4.600000e+01	4.700000e+01	1.346583e-02	9.847191e-04	9.847191e-04
4.700000e+01	4.800000e+01	1.591416e-02	1.070503e-03	1.070503e-03
4.800000e+01	4.900000e+01	1.764240e-02	1.127132e-03	1.127132e-03
4.900000e+01	5.000000e+01	1.469000e-02	1.028506e-03	1.028506e-03
5.000000e+01	5.100000e+01	1.706632e-02	1.108577e-03	1.108577e-03
5.100000e+01	5.300000e+01	1.584216e-02	7.552452e-04	7.552452e-04
5.300000e+01	5.500000e+01	1.677828e-02	7.772389e-04	7.772389e-04
5.500000e+01	5.700000e+01	1.638223e-02	7.680107e-04	7.680107e-04
5.700000e+01	5.900000e+01	1.767841e-02	7.978151e-04	7.978151e-04
5.900000e+01	6.100000e+01	1.508605e-02	7.370019e-04	7.370019e-04
6.100000e+01	6.300000e+01	1.411392e-02	7.128606e-04	7.128606e-04
6.300000e+01	6.500000e+01	1.450997e-02	7.227932e-04	7.227932e-04
6.500000e+01	6.700000e+01	1.497804e-02	7.343587e-04	7.343587e-04
6.700000e+01	7.100000e+01	1.260171e-02	4.763000e-04	4.763000e-04
# END HISTO1D

