# BEGIN PLOT
LegendOnly=//home/soumyadip/Workspace/Zigzag/pwpy8_1.yoda/MC_JETS/jet_mass_1
DrawOnly=//home/soumyadip/Workspace/Zigzag/pwpy8_1.yoda/MC_JETS/jet_mass_1
Title=Mass of first jet
LogY=1
XLabel=$m(\mathrm{jet~1})$ [GeV]
YLabel=$\mathrm{d}\sigma/\mathrm{d}m(\mathrm{jet~1})$ [pb/GeV]
Legend=1
# END PLOT

# BEGIN HISTO1D //home/soumyadip/Workspace/Zigzag/pwpy8_1.yoda/MC_JETS/jet_mass_1
LineColor=red
LineStyle=solid
Path=//home/soumyadip/Workspace/Zigzag/pwpy8_1.yoda/MC_JETS/jet_mass_1
ScaledBy=2.00000000070667569e-05
Title=pwpy8_1
# xlow	 xhigh	 val	 errminus	 errplus
1.000000e+00	1.047129e+00	2.911808e+06	2.911808e+06	2.911808e+06
1.047129e+00	1.096478e+00	0.000000e+00	0.000000e+00	0.000000e+00
1.096478e+00	1.148154e+00	2.655596e+06	2.655597e+06	2.655597e+06
1.148154e+00	1.202264e+00	2.536141e+06	2.536141e+06	2.536141e+06
1.202264e+00	1.258925e+00	0.000000e+00	0.000000e+00	0.000000e+00
1.258925e+00	1.318257e+00	0.000000e+00	0.000000e+00	0.000000e+00
1.318257e+00	1.380384e+00	0.000000e+00	0.000000e+00	0.000000e+00
1.380384e+00	1.445440e+00	6.328268e+06	3.653627e+06	3.653627e+06
1.445440e+00	1.513561e+00	2.014512e+06	2.014513e+06	2.014513e+06
1.513561e+00	1.584893e+00	1.923829e+06	1.923830e+06	1.923830e+06
1.584893e+00	1.659587e+00	0.000000e+00	0.000000e+00	0.000000e+00
1.659587e+00	1.737801e+00	3.509106e+06	2.481313e+06	2.481313e+06
1.737801e+00	1.819701e+00	1.675587e+06	1.675587e+06	1.675587e+06
1.819701e+00	1.905461e+00	8.000851e+06	3.578089e+06	3.578089e+06
1.905461e+00	1.995262e+00	9.168980e+06	3.743220e+06	3.743220e+06
1.995262e+00	2.089296e+00	8.756233e+06	3.574717e+06	3.574717e+06
2.089296e+00	2.187762e+00	8.362111e+06	3.941937e+06	3.941937e+06
2.187762e+00	2.290868e+00	1.730256e+07	4.798867e+06	4.798867e+06
2.290868e+00	2.398833e+00	1.143959e+07	3.813196e+06	3.813196e+06
2.398833e+00	2.511886e+00	2.670493e+07	5.693511e+06	5.693511e+06
2.511886e+00	2.630268e+00	3.361733e+07	6.242583e+06	6.242583e+06
2.630268e+00	2.754229e+00	2.546207e+07	5.309209e+06	5.309209e+06
2.754229e+00	2.884032e+00	2.854500e+07	5.493487e+06	5.493487e+06
2.884032e+00	3.019952e+00	3.533749e+07	5.973125e+06	5.973125e+06
3.019952e+00	3.162278e+00	4.724575e+07	6.749393e+06	6.749393e+06
3.162278e+00	3.311311e+00	5.156518e+07	6.890686e+06	6.890686e+06
3.311311e+00	3.467369e+00	5.627881e+07	7.034851e+06	7.034851e+06
3.467369e+00	3.630781e+00	5.458589e+07	6.770545e+06	6.770545e+06
3.630781e+00	3.801894e+00	8.019882e+07	8.019882e+06	8.019882e+06
3.801894e+00	3.981072e+00	5.820765e+07	6.676872e+06	6.676872e+06
3.981072e+00	4.168694e+00	8.265054e+07	7.843612e+06	7.843612e+06
4.168694e+00	4.365158e+00	8.172479e+07	7.683528e+06	7.683528e+06
4.365158e+00	4.570882e+00	1.194041e+08	8.924678e+06	8.924678e+06
4.570882e+00	4.786301e+00	1.076598e+08	8.281525e+06	8.281525e+06
4.786301e+00	5.011872e+00	1.149819e+08	8.407838e+06	8.407838e+06
5.011872e+00	5.248075e+00	1.295598e+08	8.675969e+06	8.675969e+06
5.248075e+00	5.495409e+00	1.287227e+08	8.523602e+06	8.523602e+06
5.495409e+00	5.754399e+00	1.149814e+08	7.805448e+06	7.805448e+06
5.754399e+00	6.025596e+00	1.290346e+08	8.080462e+06	8.080462e+06
6.025596e+00	6.309573e+00	1.067972e+08	7.183961e+06	7.183961e+06
6.309573e+00	6.606934e+00	1.070668e+08	7.029282e+06	7.029282e+06
6.606934e+00	6.918310e+00	9.784052e+07	6.566627e+06	6.566627e+06
6.918310e+00	7.244360e+00	8.417764e+07	5.952258e+06	5.952258e+06
7.244360e+00	7.585776e+00	8.601633e+07	5.879955e+06	5.879955e+06
7.585776e+00	7.943282e+00	7.561951e+07	5.387667e+06	5.387667e+06
7.943282e+00	8.317638e+00	6.121849e+07	4.765511e+06	4.765511e+06
8.317638e+00	8.709636e+00	5.181182e+07	4.258905e+06	4.258905e+06
8.709636e+00	9.120108e+00	4.212482e+07	3.752777e+06	3.752777e+06
9.120108e+00	9.549926e+00	3.575893e+07	3.378901e+06	3.378901e+06
9.549926e+00	1.000000e+01	2.286802e+07	2.640570e+06	2.640570e+06
1.000000e+01	1.047129e+01	1.514140e+07	2.099735e+06	2.099735e+06
1.047129e+01	1.096478e+01	1.167944e+07	1.802176e+06	1.802176e+06
1.096478e+01	1.148154e+01	7.966789e+06	1.454530e+06	1.454530e+06
1.148154e+01	1.202264e+01	5.833125e+06	1.216291e+06	1.216291e+06
1.202264e+01	1.258925e+01	6.297093e+06	1.234961e+06	1.234961e+06
1.258925e+01	1.318257e+01	2.544221e+06	7.671112e+05	7.671112e+05
1.318257e+01	1.380384e+01	3.092420e+06	8.264842e+05	8.264842e+05
1.380384e+01	1.445440e+01	1.054711e+06	4.716812e+05	4.716812e+05
1.445440e+01	1.513561e+01	8.058050e+05	4.029025e+05	4.029025e+05
1.513561e+01	1.584893e+01	1.154298e+06	4.712400e+05	4.712400e+05
1.584893e+01	1.659587e+01	9.186186e+05	4.108187e+05	4.108187e+05
1.659587e+01	1.737801e+01	7.018212e+05	3.509106e+05	3.509106e+05
1.737801e+01	1.819701e+01	1.675587e+05	1.675587e+05	1.675587e+05
1.819701e+01	1.905461e+01	1.600170e+05	1.600170e+05	1.600170e+05
1.905461e+01	1.995262e+01	6.112654e+05	3.056327e+05	3.056327e+05
1.995262e+01	2.089296e+01	0.000000e+00	0.000000e+00	0.000000e+00
2.089296e+01	2.187762e+01	1.393685e+05	1.393685e+05	1.393685e+05
2.187762e+01	2.290868e+01	0.000000e+00	0.000000e+00	0.000000e+00
2.290868e+01	2.398833e+01	0.000000e+00	0.000000e+00	0.000000e+00
2.398833e+01	2.511886e+01	0.000000e+00	0.000000e+00	0.000000e+00
2.511886e+01	2.630268e+01	0.000000e+00	0.000000e+00	0.000000e+00
2.630268e+01	2.754229e+01	0.000000e+00	0.000000e+00	0.000000e+00
2.754229e+01	2.884032e+01	0.000000e+00	0.000000e+00	0.000000e+00
2.884032e+01	3.019952e+01	0.000000e+00	0.000000e+00	0.000000e+00
3.019952e+01	3.162278e+01	0.000000e+00	0.000000e+00	0.000000e+00
3.162278e+01	3.311311e+01	0.000000e+00	0.000000e+00	0.000000e+00
3.311311e+01	3.467369e+01	0.000000e+00	0.000000e+00	0.000000e+00
3.467369e+01	3.630781e+01	0.000000e+00	0.000000e+00	0.000000e+00
3.630781e+01	3.801894e+01	0.000000e+00	0.000000e+00	0.000000e+00
3.801894e+01	3.981072e+01	0.000000e+00	0.000000e+00	0.000000e+00
3.981072e+01	4.168694e+01	0.000000e+00	0.000000e+00	0.000000e+00
4.168694e+01	4.365158e+01	0.000000e+00	0.000000e+00	0.000000e+00
4.365158e+01	4.570882e+01	0.000000e+00	0.000000e+00	0.000000e+00
4.570882e+01	4.786301e+01	0.000000e+00	0.000000e+00	0.000000e+00
4.786301e+01	5.011872e+01	0.000000e+00	0.000000e+00	0.000000e+00
5.011872e+01	5.248075e+01	0.000000e+00	0.000000e+00	0.000000e+00
5.248075e+01	5.495409e+01	0.000000e+00	0.000000e+00	0.000000e+00
5.495409e+01	5.754399e+01	0.000000e+00	0.000000e+00	0.000000e+00
5.754399e+01	6.025596e+01	0.000000e+00	0.000000e+00	0.000000e+00
6.025596e+01	6.309573e+01	0.000000e+00	0.000000e+00	0.000000e+00
6.309573e+01	6.606934e+01	0.000000e+00	0.000000e+00	0.000000e+00
6.606934e+01	6.918310e+01	0.000000e+00	0.000000e+00	0.000000e+00
6.918310e+01	7.244360e+01	0.000000e+00	0.000000e+00	0.000000e+00
7.244360e+01	7.585776e+01	0.000000e+00	0.000000e+00	0.000000e+00
7.585776e+01	7.943282e+01	0.000000e+00	0.000000e+00	0.000000e+00
7.943282e+01	8.317638e+01	0.000000e+00	0.000000e+00	0.000000e+00
8.317638e+01	8.709636e+01	0.000000e+00	0.000000e+00	0.000000e+00
8.709636e+01	9.120108e+01	0.000000e+00	0.000000e+00	0.000000e+00
9.120108e+01	9.549926e+01	0.000000e+00	0.000000e+00	0.000000e+00
9.549926e+01	1.000000e+02	0.000000e+00	0.000000e+00	0.000000e+00
# END HISTO1D

