# BEGIN PLOT
LegendOnly=/ATLAS_2018_I1634970/d01-x01-y01 //home/soumyadip/Workspace/Zigzag/25Dec2022_py8.yoda/ATLAS_2018_I1634970/d01-x01-y01
DrawOnly=/ATLAS_2018_I1634970/d01-x01-y01 //home/soumyadip/Workspace/Zigzag/25Dec2022_py8.yoda/ATLAS_2018_I1634970/d01-x01-y01
Title=Inclusive jet cross section ($|y| < 0.5$), $R = 0.4$
RatioPlotReference=/ATLAS_2018_I1634970/d01-x01-y01
RatioPlot=1
LogX=1
LogY=1
XLabel=$p_\mathrm{T}$ [GeV]
YLabel=$\mathrm{d}^2\sigma / \mathrm{d}p_\mathrm{T}\mathrm{d}y$ [pb/GeV]
YMin=0.000001
Legend=1
# END PLOT

# BEGIN HISTO1D /ATLAS_2018_I1634970/d01-x01-y01
ConnectBins=0
ErrorBars=1
IsRef=1
Path=/ATLAS_2018_I1634970/d01-x01-y01
PolyMarker=*
Title=Data
# xlow	 xhigh	 val	 errminus	 errplus
1.000000e+02	1.160000e+02	1.188520e+04	7.191439e+02	7.171533e+02
1.160000e+02	1.340000e+02	5.760100e+03	3.318870e+02	3.303896e+02
1.340000e+02	1.520000e+02	2.972440e+03	1.625717e+02	1.605545e+02
1.520000e+02	1.720000e+02	1.618650e+03	8.678716e+01	8.422878e+01
1.720000e+02	1.940000e+02	8.648400e+02	4.504635e+01	4.446075e+01
1.940000e+02	2.160000e+02	4.816070e+02	2.362607e+01	2.388830e+01
2.160000e+02	2.400000e+02	2.729390e+02	1.288758e+01	1.295626e+01
2.400000e+02	2.640000e+02	1.592900e+02	7.473061e+00	7.398711e+00
2.640000e+02	2.900000e+02	9.613000e+01	4.553695e+00	4.500601e+00
2.900000e+02	3.180000e+02	5.719100e+01	2.743276e+00	2.710920e+00
3.180000e+02	3.460000e+02	3.541600e+01	1.701680e+00	1.675774e+00
3.460000e+02	3.760000e+02	2.220100e+01	1.074599e+00	1.057923e+00
3.760000e+02	4.080000e+02	1.387500e+01	6.788056e-01	6.725781e-01
4.080000e+02	4.420000e+02	8.861000e+00	4.406452e-01	4.402455e-01
4.420000e+02	4.780000e+02	5.660600e+00	2.866360e-01	2.855650e-01
4.780000e+02	5.160000e+02	3.582200e+00	1.873183e-01	1.841047e-01
5.160000e+02	5.560000e+02	2.297600e+00	1.239410e-01	1.198498e-01
5.560000e+02	5.980000e+02	1.490700e+00	8.219757e-02	7.888423e-02
5.980000e+02	6.420000e+02	9.674000e-01	5.410633e-02	5.226629e-02
6.420000e+02	6.880000e+02	6.327600e-01	3.595391e-02	3.503959e-02
6.880000e+02	7.360000e+02	4.136400e-01	2.401215e-02	2.350385e-02
7.360000e+02	7.860000e+02	2.726700e-01	1.619510e-02	1.588763e-02
7.860000e+02	8.380000e+02	1.792500e-01	1.091358e-02	1.077033e-02
8.380000e+02	8.940000e+02	1.190600e-01	7.479942e-03	7.440967e-03
8.940000e+02	9.520000e+02	7.881000e-02	5.164626e-03	5.151783e-03
9.520000e+02	1.012000e+03	5.210000e-02	3.572352e-03	3.540248e-03
1.012000e+03	1.076000e+03	3.391000e-02	2.425349e-03	2.381502e-03
1.076000e+03	1.162000e+03	2.133400e-02	1.592250e-03	1.556158e-03
1.162000e+03	1.310000e+03	1.115400e-02	8.812952e-04	8.638942e-04
1.310000e+03	1.530000e+03	4.102000e-03	3.645165e-04	3.556354e-04
1.530000e+03	1.992000e+03	8.236000e-04	9.902000e-05	9.569103e-05
1.992000e+03	2.500000e+03	9.340000e-05	1.861982e-05	1.832583e-05
2.500000e+03	3.937000e+03	2.731000e-06	1.321700e-06	1.294920e-06
# END HISTO1D


# BEGIN HISTO1D //home/soumyadip/Workspace/Zigzag/25Dec2022_py8.yoda/ATLAS_2018_I1634970/d01-x01-y01
LineColor=red
LineStyle=solid
Path=//home/soumyadip/Workspace/Zigzag/25Dec2022_py8.yoda/ATLAS_2018_I1634970/d01-x01-y01
ScaledBy=1.43580032793284487e+06
Title=25Dec2022_py8
# xlow	 xhigh	 val	 errminus	 errplus
1.000000e+02	1.160000e+02	1.410428e+04	5.138773e+02	5.138773e+02
1.160000e+02	1.340000e+02	6.554367e+03	2.285357e+02	2.285357e+02
1.340000e+02	1.520000e+02	3.247958e+03	1.208725e+02	1.208725e+02
1.520000e+02	1.720000e+02	1.705219e+03	6.557233e+01	6.557233e+01
1.720000e+02	1.940000e+02	9.015395e+02	3.678762e+01	3.678762e+01
1.940000e+02	2.160000e+02	4.939218e+02	2.129849e+01	2.129849e+01
2.160000e+02	2.400000e+02	2.709700e+02	1.050915e+01	1.050915e+01
2.400000e+02	2.640000e+02	1.584923e+02	7.043458e+00	7.043458e+00
2.640000e+02	2.900000e+02	9.888904e+01	4.271082e+00	4.271082e+00
2.900000e+02	3.180000e+02	5.727896e+01	2.746957e+00	2.746957e+00
3.180000e+02	3.460000e+02	3.752186e+01	1.907881e+00	1.907881e+00
3.460000e+02	3.760000e+02	2.211114e+01	1.122052e+00	1.122052e+00
3.760000e+02	4.080000e+02	1.385697e+01	6.570161e-01	6.570161e-01
4.080000e+02	4.420000e+02	9.449909e+00	5.317829e-01	5.317829e-01
4.420000e+02	4.780000e+02	5.536556e+00	3.451000e-01	3.451000e-01
4.780000e+02	5.160000e+02	3.486747e+00	2.106659e-01	2.106659e-01
5.160000e+02	5.560000e+02	2.164037e+00	1.314456e-01	1.314456e-01
5.560000e+02	5.980000e+02	1.456493e+00	9.193332e-02	9.193332e-02
5.980000e+02	6.420000e+02	9.773782e-01	6.924567e-02	6.924567e-02
6.420000e+02	6.880000e+02	6.874433e-01	5.181017e-02	5.181017e-02
6.880000e+02	7.360000e+02	3.790998e-01	2.612734e-02	2.612734e-02
7.360000e+02	7.860000e+02	2.762398e-01	2.194328e-02	2.194328e-02
7.860000e+02	8.380000e+02	1.985967e-01	1.435204e-02	1.435204e-02
8.380000e+02	8.940000e+02	1.266950e-01	1.130808e-02	1.130808e-02
8.940000e+02	9.520000e+02	8.109350e-02	6.474970e-03	6.474970e-03
9.520000e+02	1.012000e+03	5.607838e-02	4.452666e-03	4.452666e-03
1.012000e+03	1.076000e+03	3.879981e-02	3.554916e-03	3.554916e-03
1.076000e+03	1.162000e+03	2.197390e-02	1.710382e-03	1.710382e-03
1.162000e+03	1.310000e+03	1.105763e-02	8.291091e-04	8.291091e-04
1.310000e+03	1.530000e+03	3.587170e-03	3.471247e-04	3.471247e-04
1.530000e+03	1.992000e+03	8.028764e-04	6.891593e-05	6.891593e-05
1.992000e+03	2.500000e+03	9.555037e-05	1.340202e-05	1.340202e-05
2.500000e+03	3.937000e+03	4.109624e-06	1.550972e-06	1.550972e-06
# END HISTO1D

