# BEGIN PLOT
LegendOnly=/ATLAS_2018_I1634970/d04-x01-y01 //home/soumyadip/Workspace/Zigzag/25Dec2022_py8.yoda/ATLAS_2018_I1634970/d04-x01-y01
DrawOnly=/ATLAS_2018_I1634970/d04-x01-y01 //home/soumyadip/Workspace/Zigzag/25Dec2022_py8.yoda/ATLAS_2018_I1634970/d04-x01-y01
Title=Inclusive jet cross section ($1.5 \leq |y| < 2.0$), $R = 0.4$
RatioPlotReference=/ATLAS_2018_I1634970/d04-x01-y01
RatioPlot=1
LogX=1
LogY=1
XLabel=$p_\mathrm{T}$ [GeV]
YLabel=$\mathrm{d}^2\sigma / \mathrm{d}p_\mathrm{T}\mathrm{d}y$ [pb/GeV]
YMin=0.000001
Legend=1
# END PLOT

# BEGIN HISTO1D /ATLAS_2018_I1634970/d04-x01-y01
ConnectBins=0
ErrorBars=1
IsRef=1
Path=/ATLAS_2018_I1634970/d04-x01-y01
PolyMarker=*
Title=Data
# xlow	 xhigh	 val	 errminus	 errplus
1.000000e+02	1.160000e+02	8.244100e+03	6.525193e+02	6.392675e+02
1.160000e+02	1.340000e+02	3.942200e+03	2.913043e+02	2.890938e+02
1.340000e+02	1.520000e+02	1.970220e+03	1.351691e+02	1.335941e+02
1.520000e+02	1.720000e+02	1.035860e+03	6.759563e+01	6.640001e+01
1.720000e+02	1.940000e+02	5.470300e+02	3.415537e+01	3.384578e+01
1.940000e+02	2.160000e+02	2.977310e+02	1.735916e+01	1.772927e+01
2.160000e+02	2.400000e+02	1.684750e+02	9.291533e+00	9.854089e+00
2.400000e+02	2.640000e+02	9.689000e+01	5.309383e+00	5.644713e+00
2.640000e+02	2.900000e+02	5.488000e+01	3.077823e+00	3.199402e+00
2.900000e+02	3.180000e+02	3.213900e+01	1.859130e+00	1.871410e+00
3.180000e+02	3.460000e+02	1.883100e+01	1.120506e+00	1.102552e+00
3.460000e+02	3.760000e+02	1.153400e+01	7.093991e-01	7.006880e-01
3.760000e+02	4.080000e+02	6.938000e+00	4.472900e-01	4.444725e-01
4.080000e+02	4.420000e+02	4.272000e+00	2.952571e-01	2.887791e-01
4.420000e+02	4.780000e+02	2.552500e+00	1.888812e-01	1.806317e-01
4.780000e+02	5.160000e+02	1.548000e+00	1.229260e-01	1.166703e-01
5.160000e+02	5.560000e+02	9.387000e-01	7.945944e-02	7.601089e-02
5.560000e+02	5.980000e+02	5.602800e-01	5.078888e-02	4.909723e-02
5.980000e+02	6.420000e+02	3.425600e-01	3.344972e-02	3.244980e-02
6.420000e+02	6.880000e+02	2.015800e-01	2.098239e-02	2.025624e-02
6.880000e+02	7.360000e+02	1.184000e-01	1.292035e-02	1.237056e-02
7.360000e+02	7.860000e+02	6.955000e-02	7.936658e-03	7.520368e-03
7.860000e+02	8.380000e+02	4.101000e-02	4.967891e-03	4.639528e-03
8.380000e+02	8.940000e+02	2.369200e-02	3.091327e-03	2.846582e-03
8.940000e+02	9.520000e+02	1.278200e-02	1.797152e-03	1.649299e-03
9.520000e+02	1.012000e+03	6.910000e-03	1.039696e-03	9.629711e-04
1.012000e+03	1.076000e+03	3.885000e-03	6.233119e-04	5.854825e-04
1.076000e+03	1.162000e+03	1.991000e-03	3.446464e-04	3.268207e-04
1.162000e+03	1.310000e+03	6.400000e-04	1.272126e-04	1.191162e-04
1.310000e+03	1.530000e+03	1.022000e-04	2.639669e-05	2.405609e-05
1.530000e+03	1.992000e+03	6.490000e-06	3.190181e-06	3.091075e-06
# END HISTO1D


# BEGIN HISTO1D //home/soumyadip/Workspace/Zigzag/25Dec2022_py8.yoda/ATLAS_2018_I1634970/d04-x01-y01
LineColor=red
LineStyle=solid
Path=//home/soumyadip/Workspace/Zigzag/25Dec2022_py8.yoda/ATLAS_2018_I1634970/d04-x01-y01
ScaledBy=1.43580032793284487e+06
Title=25Dec2022_py8
# xlow	 xhigh	 val	 errminus	 errplus
1.000000e+02	1.160000e+02	9.938000e+03	4.000773e+02	4.000773e+02
1.160000e+02	1.340000e+02	4.478917e+03	1.943911e+02	1.943911e+02
1.340000e+02	1.520000e+02	2.228131e+03	9.930950e+01	9.930950e+01
1.520000e+02	1.720000e+02	1.171366e+03	5.193099e+01	5.193099e+01
1.720000e+02	1.940000e+02	5.915582e+02	2.770387e+01	2.770387e+01
1.940000e+02	2.160000e+02	3.479782e+02	1.771882e+01	1.771882e+01
2.160000e+02	2.400000e+02	1.865015e+02	1.081428e+01	1.081428e+01
2.400000e+02	2.640000e+02	9.714975e+01	5.188422e+00	5.188422e+00
2.640000e+02	2.900000e+02	5.800431e+01	2.836144e+00	2.836144e+00
2.900000e+02	3.180000e+02	3.286519e+01	1.953458e+00	1.953458e+00
3.180000e+02	3.460000e+02	1.965448e+01	1.284835e+00	1.284835e+00
3.460000e+02	3.760000e+02	1.132354e+01	7.333831e-01	7.333831e-01
3.760000e+02	4.080000e+02	7.521700e+00	5.088299e-01	5.088299e-01
4.080000e+02	4.420000e+02	4.831700e+00	3.147692e-01	3.147692e-01
4.420000e+02	4.780000e+02	2.953181e+00	2.351904e-01	2.351904e-01
4.780000e+02	5.160000e+02	1.487870e+00	1.218311e-01	1.218311e-01
5.160000e+02	5.560000e+02	8.536677e-01	6.692182e-02	6.692182e-02
5.560000e+02	5.980000e+02	5.526148e-01	4.824362e-02	4.824362e-02
5.980000e+02	6.420000e+02	4.400980e-01	1.495828e-01	1.495828e-01
6.420000e+02	6.880000e+02	2.113710e-01	2.902395e-02	2.902395e-02
6.880000e+02	7.360000e+02	1.217580e-01	1.510150e-02	1.510150e-02
7.360000e+02	7.860000e+02	7.704090e-02	1.101716e-02	1.101716e-02
7.860000e+02	8.380000e+02	3.826152e-02	5.420008e-03	5.420008e-03
8.380000e+02	8.940000e+02	2.078018e-02	3.609953e-03	3.609953e-03
8.940000e+02	9.520000e+02	1.181742e-02	2.048789e-03	2.048789e-03
9.520000e+02	1.012000e+03	9.329538e-03	2.071646e-03	2.071646e-03
1.012000e+03	1.076000e+03	2.593845e-03	6.829753e-04	6.829753e-04
1.076000e+03	1.162000e+03	1.465220e-03	4.167297e-04	4.167297e-04
1.162000e+03	1.310000e+03	8.534358e-04	1.993517e-04	1.993517e-04
1.310000e+03	1.530000e+03	2.195444e-04	7.556101e-05	7.556101e-05
1.530000e+03	1.992000e+03	0.000000e+00	0.000000e+00	0.000000e+00
# END HISTO1D

