# BEGIN PLOT
LegendOnly=/ATLAS_2020_I1790256/d01-x01-y01 //home/soumyadip/Workspace/Zigzag/25Dec2022_py8.yoda/ATLAS_2020_I1790256/d01-x01-y01
XLabel=$\ln (R/\Delta R)$
YMax=5.96
XMax=4.33
Title=$\frac{1}{N_{jets}}\frac{d^{2} N_{emissions}}{d\ln (R/\Delta R) d\ln (1/z)}$
DrawOnly=/ATLAS_2020_I1790256/d01-x01-y01 //home/soumyadip/Workspace/Zigzag/25Dec2022_py8.yoda/ATLAS_2020_I1790256/d01-x01-y01
YLabel=$\ln (1/z)$
LogY=0
# END PLOT

# BEGIN HISTO2D /ATLAS_2020_I1790256/d01-x01-y01
IsRef=1
Path=/ATLAS_2020_I1790256/d01-x01-y01
Title=Data
# xlow	 xhigh	 ylow	 yhigh	 val	 errminus	 errplus
0.000000e+00	3.333330e-01	6.931470e-01	9.704060e-01	2.097660e-01	2.467304e-02	2.460275e-02
0.000000e+00	3.333330e-01	9.704060e-01	1.247660e+00	2.702970e-01	4.140396e-02	4.139539e-02
0.000000e+00	3.333330e-01	1.247660e+00	1.524920e+00	2.308450e-01	2.628147e-02	2.632987e-02
0.000000e+00	3.333330e-01	1.524920e+00	1.802180e+00	2.058460e-01	2.108782e-02	2.117614e-02
0.000000e+00	3.333330e-01	1.802180e+00	2.079440e+00	1.964410e-01	2.081111e-02	2.091025e-02
0.000000e+00	3.333330e-01	2.079440e+00	2.356700e+00	1.942240e-01	2.214298e-02	2.228302e-02
0.000000e+00	3.333330e-01	2.356700e+00	2.633960e+00	2.010710e-01	2.381726e-02	2.377688e-02
0.000000e+00	3.333330e-01	2.633960e+00	2.911220e+00	2.149030e-01	2.666867e-02	2.663392e-02
0.000000e+00	3.333330e-01	2.911220e+00	3.188480e+00	2.361530e-01	3.129392e-02	3.132014e-02
0.000000e+00	3.333330e-01	3.188480e+00	3.465740e+00	2.660240e-01	3.374151e-02	3.379026e-02
0.000000e+00	3.333330e-01	3.465740e+00	3.742990e+00	3.039880e-01	3.466258e-02	3.480105e-02
0.000000e+00	3.333330e-01	3.742990e+00	4.020250e+00	3.524840e-01	3.763484e-02	3.776031e-02
0.000000e+00	3.333330e-01	4.020250e+00	4.297510e+00	4.076690e-01	3.064859e-02	3.083018e-02
0.000000e+00	3.333330e-01	4.297510e+00	4.574770e+00	4.705740e-01	2.743793e-02	2.774633e-02
0.000000e+00	3.333330e-01	4.574770e+00	4.852030e+00	5.370670e-01	3.431436e-02	3.435170e-02
0.000000e+00	3.333330e-01	4.852030e+00	5.129290e+00	5.984470e-01	3.798449e-02	3.782161e-02
0.000000e+00	3.333330e-01	5.129290e+00	5.406550e+00	6.497210e-01	4.312642e-02	4.273158e-02
0.000000e+00	3.333330e-01	5.406550e+00	5.683810e+00	6.793270e-01	5.215412e-02	5.202484e-02
0.000000e+00	3.333330e-01	5.683810e+00	5.961070e+00	6.745250e-01	7.167170e-02	7.148466e-02
3.333330e-01	6.666670e-01	6.931470e-01	9.704060e-01	2.300830e-01	2.664848e-02	2.682123e-02
3.333330e-01	6.666670e-01	9.704060e-01	1.247660e+00	2.478760e-01	3.238535e-02	3.247965e-02
3.333330e-01	6.666670e-01	1.247660e+00	1.524920e+00	2.204220e-01	2.025067e-02	2.044723e-02
3.333330e-01	6.666670e-01	1.524920e+00	1.802180e+00	2.085330e-01	1.830867e-02	1.829829e-02
3.333330e-01	6.666670e-01	1.802180e+00	2.079440e+00	2.088030e-01	1.978161e-02	1.984534e-02
3.333330e-01	6.666670e-01	2.079440e+00	2.356700e+00	2.159040e-01	2.127596e-02	2.128349e-02
3.333330e-01	6.666670e-01	2.356700e+00	2.633960e+00	2.291380e-01	2.222533e-02	2.229088e-02
3.333330e-01	6.666670e-01	2.633960e+00	2.911220e+00	2.488230e-01	2.634154e-02	2.650572e-02
3.333330e-01	6.666670e-01	2.911220e+00	3.188480e+00	2.717310e-01	2.670327e-02	2.681076e-02
3.333330e-01	6.666670e-01	3.188480e+00	3.465740e+00	3.063640e-01	2.709396e-02	2.716291e-02
3.333330e-01	6.666670e-01	3.465740e+00	3.742990e+00	3.450360e-01	2.444513e-02	2.454925e-02
3.333330e-01	6.666670e-01	3.742990e+00	4.020250e+00	3.899590e-01	2.269291e-02	2.288397e-02
3.333330e-01	6.666670e-01	4.020250e+00	4.297510e+00	4.369310e-01	2.428411e-02	2.481894e-02
3.333330e-01	6.666670e-01	4.297510e+00	4.574770e+00	4.825330e-01	3.322953e-02	3.363409e-02
3.333330e-01	6.666670e-01	4.574770e+00	4.852030e+00	5.233020e-01	3.675922e-02	3.721562e-02
3.333330e-01	6.666670e-01	4.852030e+00	5.129290e+00	5.482240e-01	3.404671e-02	3.414174e-02
3.333330e-01	6.666670e-01	5.129290e+00	5.406550e+00	5.520930e-01	3.023496e-02	3.058813e-02
3.333330e-01	6.666670e-01	5.406550e+00	5.683810e+00	5.294960e-01	3.044629e-02	3.049457e-02
3.333330e-01	6.666670e-01	5.683810e+00	5.961070e+00	4.817030e-01	4.124513e-02	4.126689e-02
6.666670e-01	1.000000e+00	6.931470e-01	9.704060e-01	2.390130e-01	2.744886e-02	2.750841e-02
6.666670e-01	1.000000e+00	9.704060e-01	1.247660e+00	2.320440e-01	2.592113e-02	2.602589e-02
6.666670e-01	1.000000e+00	1.247660e+00	1.524920e+00	2.115510e-01	1.780765e-02	1.777732e-02
6.666670e-01	1.000000e+00	1.524920e+00	1.802180e+00	2.042060e-01	1.929209e-02	1.933556e-02
6.666670e-01	1.000000e+00	1.802180e+00	2.079440e+00	2.063020e-01	2.052305e-02	2.055767e-02
6.666670e-01	1.000000e+00	2.079440e+00	2.356700e+00	2.143430e-01	2.206452e-02	2.211909e-02
6.666670e-01	1.000000e+00	2.356700e+00	2.633960e+00	2.297120e-01	2.681104e-02	2.689322e-02
6.666670e-01	1.000000e+00	2.633960e+00	2.911220e+00	2.520130e-01	2.688460e-02	2.699513e-02
6.666670e-01	1.000000e+00	2.911220e+00	3.188480e+00	2.794320e-01	2.487429e-02	2.500899e-02
6.666670e-01	1.000000e+00	3.188480e+00	3.465740e+00	3.123170e-01	2.116616e-02	2.138497e-02
6.666670e-01	1.000000e+00	3.465740e+00	3.742990e+00	3.516830e-01	1.928750e-02	1.969761e-02
6.666670e-01	1.000000e+00	3.742990e+00	4.020250e+00	3.938020e-01	2.761434e-02	2.774503e-02
6.666670e-01	1.000000e+00	4.020250e+00	4.297510e+00	4.377730e-01	3.185378e-02	3.213624e-02
6.666670e-01	1.000000e+00	4.297510e+00	4.574770e+00	4.723530e-01	2.815524e-02	2.865067e-02
6.666670e-01	1.000000e+00	4.574770e+00	4.852030e+00	4.929200e-01	3.024091e-02	3.051710e-02
6.666670e-01	1.000000e+00	4.852030e+00	5.129290e+00	4.937290e-01	2.841015e-02	2.843201e-02
6.666670e-01	1.000000e+00	5.129290e+00	5.406550e+00	4.694600e-01	2.262398e-02	2.277670e-02
6.666670e-01	1.000000e+00	5.406550e+00	5.683810e+00	4.235560e-01	2.367835e-02	2.383003e-02
6.666670e-01	1.000000e+00	5.683810e+00	5.961070e+00	3.580400e-01	2.864930e-02	2.872306e-02
1.000000e+00	1.333330e+00	6.931470e-01	9.704060e-01	2.523760e-01	2.751919e-02	2.762039e-02
1.000000e+00	1.333330e+00	9.704060e-01	1.247660e+00	2.341110e-01	2.258913e-02	2.258063e-02
1.000000e+00	1.333330e+00	1.247660e+00	1.524920e+00	2.206030e-01	2.195506e-02	2.196064e-02
1.000000e+00	1.333330e+00	1.524920e+00	1.802180e+00	2.206900e-01	2.347011e-02	2.354326e-02
1.000000e+00	1.333330e+00	1.802180e+00	2.079440e+00	2.300170e-01	2.704530e-02	2.707546e-02
1.000000e+00	1.333330e+00	2.079440e+00	2.356700e+00	2.466540e-01	3.112714e-02	3.127917e-02
1.000000e+00	1.333330e+00	2.356700e+00	2.633960e+00	2.694700e-01	2.916704e-02	2.929728e-02
1.000000e+00	1.333330e+00	2.633960e+00	2.911220e+00	2.978310e-01	2.419179e-02	2.430634e-02
1.000000e+00	1.333330e+00	2.911220e+00	3.188480e+00	3.320090e-01	2.059617e-02	2.075890e-02
1.000000e+00	1.333330e+00	3.188480e+00	3.465740e+00	3.735520e-01	2.480205e-02	2.506071e-02
1.000000e+00	1.333330e+00	3.465740e+00	3.742990e+00	4.149240e-01	2.933913e-02	2.974796e-02
1.000000e+00	1.333330e+00	3.742990e+00	4.020250e+00	4.568770e-01	2.750304e-02	2.791776e-02
1.000000e+00	1.333330e+00	4.020250e+00	4.297510e+00	4.854500e-01	2.823562e-02	2.873238e-02
1.000000e+00	1.333330e+00	4.297510e+00	4.574770e+00	4.977710e-01	2.809993e-02	2.834249e-02
1.000000e+00	1.333330e+00	4.574770e+00	4.852030e+00	4.916690e-01	2.882268e-02	2.896378e-02
1.000000e+00	1.333330e+00	4.852030e+00	5.129290e+00	4.589200e-01	2.331987e-02	2.353530e-02
1.000000e+00	1.333330e+00	5.129290e+00	5.406550e+00	4.027070e-01	1.815083e-02	1.873584e-02
1.000000e+00	1.333330e+00	5.406550e+00	5.683810e+00	3.317750e-01	1.748699e-02	1.768018e-02
1.000000e+00	1.333330e+00	5.683810e+00	5.961070e+00	2.555860e-01	2.284377e-02	2.297664e-02
1.333330e+00	1.666670e+00	6.931470e-01	9.704060e-01	2.762990e-01	3.159533e-02	3.164187e-02
1.333330e+00	1.666670e+00	9.704060e-01	1.247660e+00	2.524760e-01	3.036689e-02	3.039579e-02
1.333330e+00	1.666670e+00	1.247660e+00	1.524920e+00	2.436230e-01	2.883636e-02	2.884418e-02
1.333330e+00	1.666670e+00	1.524920e+00	1.802180e+00	2.486640e-01	3.151553e-02	3.159035e-02
1.333330e+00	1.666670e+00	1.802180e+00	2.079440e+00	2.651370e-01	2.980034e-02	2.992015e-02
1.333330e+00	1.666670e+00	2.079440e+00	2.356700e+00	2.879140e-01	2.989374e-02	2.998146e-02
1.333330e+00	1.666670e+00	2.356700e+00	2.633960e+00	3.176940e-01	2.559533e-02	2.567718e-02
1.333330e+00	1.666670e+00	2.633960e+00	2.911220e+00	3.539580e-01	2.157195e-02	2.164427e-02
1.333330e+00	1.666670e+00	2.911220e+00	3.188480e+00	3.964020e-01	2.566086e-02	2.577552e-02
1.333330e+00	1.666670e+00	3.188480e+00	3.465740e+00	4.365320e-01	2.743264e-02	2.761177e-02
1.333330e+00	1.666670e+00	3.465740e+00	3.742990e+00	4.724600e-01	2.793092e-02	2.815975e-02
1.333330e+00	1.666670e+00	3.742990e+00	4.020250e+00	4.960900e-01	2.942629e-02	2.971413e-02
1.333330e+00	1.666670e+00	4.020250e+00	4.297510e+00	5.031650e-01	3.292040e-02	3.325274e-02
1.333330e+00	1.666670e+00	4.297510e+00	4.574770e+00	4.845920e-01	3.147746e-02	3.170466e-02
1.333330e+00	1.666670e+00	4.574770e+00	4.852030e+00	4.423550e-01	2.484685e-02	2.490649e-02
1.333330e+00	1.666670e+00	4.852030e+00	5.129290e+00	3.779370e-01	1.889018e-02	1.881602e-02
1.333330e+00	1.666670e+00	5.129290e+00	5.406550e+00	3.015420e-01	1.512526e-02	1.526468e-02
1.333330e+00	1.666670e+00	5.406550e+00	5.683810e+00	2.270520e-01	1.625201e-02	1.631844e-02
1.333330e+00	1.666670e+00	5.683810e+00	5.961070e+00	1.583870e-01	1.847664e-02	1.845070e-02
1.666670e+00	2.000000e+00	6.931470e-01	9.704060e-01	3.148060e-01	4.150687e-02	4.145375e-02
1.666670e+00	2.000000e+00	9.704060e-01	1.247660e+00	2.886510e-01	4.324178e-02	4.332819e-02
1.666670e+00	2.000000e+00	1.247660e+00	1.524920e+00	2.807300e-01	3.834291e-02	3.843006e-02
1.666670e+00	2.000000e+00	1.524920e+00	1.802180e+00	2.925550e-01	3.276026e-02	3.278434e-02
1.666670e+00	2.000000e+00	1.802180e+00	2.079440e+00	3.145690e-01	2.772975e-02	2.783376e-02
1.666670e+00	2.000000e+00	2.079440e+00	2.356700e+00	3.444840e-01	2.581438e-02	2.590578e-02
1.666670e+00	2.000000e+00	2.356700e+00	2.633960e+00	3.806090e-01	2.413227e-02	2.450149e-02
1.666670e+00	2.000000e+00	2.633960e+00	2.911220e+00	4.219100e-01	2.855095e-02	2.870689e-02
1.666670e+00	2.000000e+00	2.911220e+00	3.188480e+00	4.588860e-01	3.020632e-02	3.040046e-02
1.666670e+00	2.000000e+00	3.188480e+00	3.465740e+00	4.907580e-01	3.572927e-02	3.583636e-02
1.666670e+00	2.000000e+00	3.465740e+00	3.742990e+00	5.079170e-01	3.562492e-02	3.583460e-02
1.666670e+00	2.000000e+00	3.742990e+00	4.020250e+00	5.032400e-01	3.416659e-02	3.442089e-02
1.666670e+00	2.000000e+00	4.020250e+00	4.297510e+00	4.750010e-01	3.043672e-02	3.071497e-02
1.666670e+00	2.000000e+00	4.297510e+00	4.574770e+00	4.238340e-01	2.911375e-02	2.928230e-02
1.666670e+00	2.000000e+00	4.574770e+00	4.852030e+00	3.535210e-01	2.132951e-02	2.138914e-02
1.666670e+00	2.000000e+00	4.852030e+00	5.129290e+00	2.752960e-01	1.533065e-02	1.526576e-02
1.666670e+00	2.000000e+00	5.129290e+00	5.406550e+00	2.010480e-01	1.275118e-02	1.274287e-02
1.666670e+00	2.000000e+00	5.406550e+00	5.683810e+00	1.384800e-01	1.202211e-02	1.205730e-02
1.666670e+00	2.000000e+00	5.683810e+00	5.961070e+00	9.097720e-02	1.317263e-02	1.316684e-02
2.000000e+00	2.333330e+00	6.931470e-01	9.704060e-01	3.786470e-01	5.362203e-02	5.363217e-02
2.000000e+00	2.333330e+00	9.704060e-01	1.247660e+00	3.461510e-01	4.464501e-02	4.468456e-02
2.000000e+00	2.333330e+00	1.247660e+00	1.524920e+00	3.410350e-01	3.929111e-02	3.945643e-02
2.000000e+00	2.333330e+00	1.524920e+00	1.802180e+00	3.550440e-01	3.104425e-02	3.122338e-02
2.000000e+00	2.333330e+00	1.802180e+00	2.079440e+00	3.803040e-01	3.113052e-02	3.145950e-02
2.000000e+00	2.333330e+00	2.079440e+00	2.356700e+00	4.139180e-01	3.295979e-02	3.336306e-02
2.000000e+00	2.333330e+00	2.356700e+00	2.633960e+00	4.506460e-01	3.258275e-02	3.303269e-02
2.000000e+00	2.333330e+00	2.633960e+00	2.911220e+00	4.838070e-01	4.243052e-02	4.256322e-02
2.000000e+00	2.333330e+00	2.911220e+00	3.188480e+00	5.077260e-01	4.029222e-02	4.034890e-02
2.000000e+00	2.333330e+00	3.188480e+00	3.465740e+00	5.166980e-01	4.665067e-02	4.676188e-02
2.000000e+00	2.333330e+00	3.465740e+00	3.742990e+00	5.016900e-01	4.005938e-02	4.039797e-02
2.000000e+00	2.333330e+00	3.742990e+00	4.020250e+00	4.610950e-01	3.881543e-02	3.905146e-02
2.000000e+00	2.333330e+00	4.020250e+00	4.297510e+00	3.995910e-01	3.333426e-02	3.354815e-02
2.000000e+00	2.333330e+00	4.297510e+00	4.574770e+00	3.249310e-01	2.529116e-02	2.545306e-02
2.000000e+00	2.333330e+00	4.574770e+00	4.852030e+00	2.461740e-01	1.815716e-02	1.827895e-02
2.000000e+00	2.333330e+00	4.852030e+00	5.129290e+00	1.745500e-01	1.319620e-02	1.329484e-02
2.000000e+00	2.333330e+00	5.129290e+00	5.406550e+00	1.174240e-01	1.183259e-02	1.190709e-02
2.000000e+00	2.333330e+00	5.406550e+00	5.683810e+00	7.606750e-02	1.047197e-02	1.049616e-02
2.000000e+00	2.333330e+00	5.683810e+00	5.961070e+00	4.773400e-02	8.235065e-03	8.248086e-03
2.333330e+00	2.666670e+00	6.931470e-01	9.704060e-01	4.739910e-01	6.077867e-02	6.077392e-02
2.333330e+00	2.666670e+00	9.704060e-01	1.247660e+00	4.280700e-01	4.746267e-02	4.767245e-02
2.333330e+00	2.666670e+00	1.247660e+00	1.524920e+00	4.194640e-01	4.190218e-02	4.209768e-02
2.333330e+00	2.666670e+00	1.524920e+00	1.802180e+00	4.319510e-01	3.681382e-02	3.695562e-02
2.333330e+00	2.666670e+00	1.802180e+00	2.079440e+00	4.570410e-01	3.756808e-02	3.799235e-02
2.333330e+00	2.666670e+00	2.079440e+00	2.356700e+00	4.839790e-01	4.515135e-02	4.549720e-02
2.333330e+00	2.666670e+00	2.356700e+00	2.633960e+00	5.101290e-01	5.199898e-02	5.224639e-02
2.333330e+00	2.666670e+00	2.633960e+00	2.911220e+00	5.251780e-01	5.582656e-02	5.595795e-02
2.333330e+00	2.666670e+00	2.911220e+00	3.188480e+00	5.194310e-01	5.194130e-02	5.204896e-02
2.333330e+00	2.666670e+00	3.188480e+00	3.465740e+00	4.921110e-01	4.911042e-02	4.922840e-02
2.333330e+00	2.666670e+00	3.465740e+00	3.742990e+00	4.426320e-01	4.537297e-02	4.554856e-02
2.333330e+00	2.666670e+00	3.742990e+00	4.020250e+00	3.733100e-01	4.008685e-02	4.022125e-02
2.333330e+00	2.666670e+00	4.020250e+00	4.297510e+00	2.937930e-01	3.321460e-02	3.320589e-02
2.333330e+00	2.666670e+00	4.297510e+00	4.574770e+00	2.164950e-01	2.285729e-02	2.288255e-02
2.333330e+00	2.666670e+00	4.574770e+00	4.852030e+00	1.507150e-01	1.325007e-02	1.327351e-02
2.333330e+00	2.666670e+00	4.852030e+00	5.129290e+00	9.933950e-02	8.387617e-03	8.409108e-03
2.333330e+00	2.666670e+00	5.129290e+00	5.406550e+00	6.296500e-02	7.026398e-03	7.044324e-03
2.333330e+00	2.666670e+00	5.406550e+00	5.683810e+00	3.867430e-02	5.341323e-03	5.298114e-03
2.333330e+00	2.666670e+00	5.683810e+00	5.961070e+00	2.361530e-02	4.353094e-03	4.349464e-03
2.666670e+00	3.000000e+00	6.931470e-01	9.704060e-01	6.037190e-01	7.037097e-02	7.064528e-02
2.666670e+00	3.000000e+00	9.704060e-01	1.247660e+00	5.372530e-01	5.398635e-02	5.422510e-02
2.666670e+00	3.000000e+00	1.247660e+00	1.524920e+00	5.149610e-01	4.887231e-02	4.920351e-02
2.666670e+00	3.000000e+00	1.524920e+00	1.802180e+00	5.172360e-01	5.396095e-02	5.419212e-02
2.666670e+00	3.000000e+00	1.802180e+00	2.079440e+00	5.274810e-01	5.301760e-02	5.338425e-02
2.666670e+00	3.000000e+00	2.079440e+00	2.356700e+00	5.359410e-01	5.910120e-02	5.933909e-02
2.666670e+00	3.000000e+00	2.356700e+00	2.633960e+00	5.339480e-01	6.245353e-02	6.261394e-02
2.666670e+00	3.000000e+00	2.633960e+00	2.911220e+00	5.180610e-01	6.232634e-02	6.242649e-02
2.666670e+00	3.000000e+00	2.911220e+00	3.188480e+00	4.779520e-01	6.195362e-02	6.210692e-02
2.666670e+00	3.000000e+00	3.188480e+00	3.465740e+00	4.177400e-01	5.052042e-02	5.055169e-02
2.666670e+00	3.000000e+00	3.465740e+00	3.742990e+00	3.414520e-01	4.395907e-02	4.396342e-02
2.666670e+00	3.000000e+00	3.742990e+00	4.020250e+00	2.617210e-01	3.117564e-02	3.118965e-02
2.666670e+00	3.000000e+00	4.020250e+00	4.297510e+00	1.872730e-01	2.012431e-02	2.010819e-02
2.666670e+00	3.000000e+00	4.297510e+00	4.574770e+00	1.267430e-01	1.309271e-02	1.312049e-02
2.666670e+00	3.000000e+00	4.574770e+00	4.852030e+00	8.183310e-02	7.203772e-03	7.250562e-03
2.666670e+00	3.000000e+00	4.852030e+00	5.129290e+00	5.116380e-02	5.521573e-03	5.547330e-03
2.666670e+00	3.000000e+00	5.129290e+00	5.406550e+00	3.146820e-02	3.487882e-03	3.501059e-03
2.666670e+00	3.000000e+00	5.406550e+00	5.683810e+00	1.913520e-02	2.821047e-03	2.823184e-03
2.666670e+00	3.000000e+00	5.683810e+00	5.961070e+00	1.158500e-02	1.909446e-03	1.909274e-03
3.000000e+00	3.333330e+00	6.931470e-01	9.704060e-01	7.551500e-01	7.634856e-02	7.675397e-02
3.000000e+00	3.333330e+00	9.704060e-01	1.247660e+00	6.518990e-01	6.867029e-02	6.889144e-02
3.000000e+00	3.333330e+00	1.247660e+00	1.524920e+00	6.052870e-01	6.011543e-02	6.040395e-02
3.000000e+00	3.333330e+00	1.524920e+00	1.802180e+00	5.839000e-01	6.451522e-02	6.469441e-02
3.000000e+00	3.333330e+00	1.802180e+00	2.079440e+00	5.669460e-01	7.082506e-02	7.092363e-02
3.000000e+00	3.333330e+00	2.079440e+00	2.356700e+00	5.443770e-01	6.465077e-02	6.479871e-02
3.000000e+00	3.333330e+00	2.356700e+00	2.633960e+00	5.093480e-01	6.581201e-02	6.596846e-02
3.000000e+00	3.333330e+00	2.633960e+00	2.911220e+00	4.541280e-01	6.616572e-02	6.637710e-02
3.000000e+00	3.333330e+00	2.911220e+00	3.188480e+00	3.835620e-01	5.053700e-02	5.072048e-02
3.000000e+00	3.333330e+00	3.188480e+00	3.465740e+00	3.039450e-01	4.047252e-02	4.056642e-02
3.000000e+00	3.333330e+00	3.465740e+00	3.742990e+00	2.262080e-01	3.281146e-02	3.287919e-02
3.000000e+00	3.333330e+00	3.742990e+00	4.020250e+00	1.579110e-01	2.124306e-02	2.129768e-02
3.000000e+00	3.333330e+00	4.020250e+00	4.297510e+00	1.041530e-01	1.348202e-02	1.350288e-02
3.000000e+00	3.333330e+00	4.297510e+00	4.574770e+00	6.604960e-02	6.980918e-03	7.004939e-03
3.000000e+00	3.333330e+00	4.574770e+00	4.852030e+00	4.060000e-02	3.899971e-03	3.912931e-03
3.000000e+00	3.333330e+00	4.852030e+00	5.129290e+00	2.505780e-02	2.064744e-03	2.086294e-03
3.000000e+00	3.333330e+00	5.129290e+00	5.406550e+00	1.508850e-02	1.332947e-03	1.343304e-03
3.000000e+00	3.333330e+00	5.406550e+00	5.683810e+00	9.317560e-03	1.386634e-03	1.385805e-03
3.000000e+00	3.333330e+00	5.683810e+00	5.961070e+00	5.663350e-03	6.994775e-04	6.995042e-04
3.333330e+00	3.666670e+00	6.931470e-01	9.704060e-01	8.932090e-01	1.193273e-01	1.197676e-01
3.333330e+00	3.666670e+00	9.704060e-01	1.247660e+00	7.458710e-01	1.066079e-01	1.070572e-01
3.333330e+00	3.666670e+00	1.247660e+00	1.524920e+00	6.645730e-01	9.596617e-02	9.622464e-02
3.333330e+00	3.666670e+00	1.524920e+00	1.802180e+00	6.080030e-01	8.363630e-02	8.364483e-02
3.333330e+00	3.666670e+00	1.802180e+00	2.079440e+00	5.557720e-01	7.627383e-02	7.638027e-02
3.333330e+00	3.666670e+00	2.079440e+00	2.356700e+00	4.963970e-01	6.782480e-02	6.792837e-02
3.333330e+00	3.666670e+00	2.356700e+00	2.633960e+00	4.252990e-01	6.263680e-02	6.277945e-02
3.333330e+00	3.666670e+00	2.633960e+00	2.911220e+00	3.450130e-01	5.715147e-02	5.725634e-02
3.333330e+00	3.666670e+00	2.911220e+00	3.188480e+00	2.645510e-01	4.020813e-02	4.027265e-02
3.333330e+00	3.666670e+00	3.188480e+00	3.465740e+00	1.907340e-01	2.771849e-02	2.777016e-02
3.333330e+00	3.666670e+00	3.465740e+00	3.742990e+00	1.296090e-01	1.909092e-02	1.912082e-02
3.333330e+00	3.666670e+00	3.742990e+00	4.020250e+00	8.394390e-02	1.016665e-02	1.018878e-02
3.333330e+00	3.666670e+00	4.020250e+00	4.297510e+00	5.253490e-02	5.186209e-03	5.208819e-03
3.333330e+00	3.666670e+00	4.297510e+00	4.574770e+00	3.190760e-02	3.027492e-03	3.045995e-03
3.333330e+00	3.666670e+00	4.574770e+00	4.852030e+00	1.949280e-02	1.451566e-03	1.463585e-03
3.333330e+00	3.666670e+00	4.852030e+00	5.129290e+00	1.183290e-02	1.041357e-03	1.046539e-03
3.333330e+00	3.666670e+00	5.129290e+00	5.406550e+00	7.313780e-03	6.751667e-04	6.779909e-04
3.333330e+00	3.666670e+00	5.406550e+00	5.683810e+00	4.443300e-03	4.822209e-04	4.823110e-04
3.333330e+00	3.666670e+00	5.683810e+00	5.961070e+00	2.724280e-03	2.724377e-04	2.716833e-04
3.666670e+00	4.000000e+00	6.931470e-01	9.704060e-01	9.759670e-01	1.625091e-01	1.628826e-01
3.666670e+00	4.000000e+00	9.704060e-01	1.247660e+00	7.914160e-01	1.313941e-01	1.316442e-01
3.666670e+00	4.000000e+00	1.247660e+00	1.524920e+00	6.692290e-01	1.039872e-01	1.041411e-01
3.666670e+00	4.000000e+00	1.524920e+00	1.802180e+00	5.724730e-01	7.515905e-02	7.533990e-02
3.666670e+00	4.000000e+00	1.802180e+00	2.079440e+00	4.819150e-01	6.257305e-02	6.266138e-02
3.666670e+00	4.000000e+00	2.079440e+00	2.356700e+00	3.929950e-01	5.322951e-02	5.334433e-02
3.666670e+00	4.000000e+00	2.356700e+00	2.633960e+00	3.060540e-01	4.679404e-02	4.688679e-02
3.666670e+00	4.000000e+00	2.633960e+00	2.911220e+00	2.249120e-01	3.511320e-02	3.515610e-02
3.666670e+00	4.000000e+00	2.911220e+00	3.188480e+00	1.579270e-01	2.118096e-02	2.119894e-02
3.666670e+00	4.000000e+00	3.188480e+00	3.465740e+00	1.050760e-01	1.495222e-02	1.496378e-02
3.666670e+00	4.000000e+00	3.465740e+00	3.742990e+00	6.706650e-02	8.765519e-03	8.772486e-03
3.666670e+00	4.000000e+00	3.742990e+00	4.020250e+00	4.127560e-02	3.406986e-03	3.415874e-03
3.666670e+00	4.000000e+00	4.020250e+00	4.297510e+00	2.538190e-02	1.832991e-03	1.835244e-03
3.666670e+00	4.000000e+00	4.297510e+00	4.574770e+00	1.540900e-02	8.404830e-04	8.423981e-04
3.666670e+00	4.000000e+00	4.574770e+00	4.852030e+00	9.298140e-03	8.264783e-04	8.296044e-04
3.666670e+00	4.000000e+00	4.852030e+00	5.129290e+00	5.782060e-03	5.263861e-04	5.270387e-04
3.666670e+00	4.000000e+00	5.129290e+00	5.406550e+00	3.478250e-03	4.505042e-04	4.512869e-04
3.666670e+00	4.000000e+00	5.406550e+00	5.683810e+00	2.127770e-03	3.400762e-04	3.407157e-04
3.666670e+00	4.000000e+00	5.683810e+00	5.961070e+00	1.284790e-03	1.346928e-04	1.344836e-04
4.000000e+00	4.333330e+00	6.931470e-01	9.704060e-01	9.709810e-01	1.433137e-01	1.437363e-01
4.000000e+00	4.333330e+00	9.704060e-01	1.247660e+00	7.560290e-01	1.050091e-01	1.052871e-01
4.000000e+00	4.333330e+00	1.247660e+00	1.524920e+00	5.975000e-01	7.508062e-02	7.527581e-02
4.000000e+00	4.333330e+00	1.524920e+00	1.802180e+00	4.703230e-01	4.486754e-02	4.511216e-02
4.000000e+00	4.333330e+00	1.802180e+00	2.079440e+00	3.613970e-01	3.521698e-02	3.535738e-02
4.000000e+00	4.333330e+00	2.079440e+00	2.356700e+00	2.677890e-01	2.592588e-02	2.609683e-02
4.000000e+00	4.333330e+00	2.356700e+00	2.633960e+00	1.888340e-01	1.748305e-02	1.757361e-02
4.000000e+00	4.333330e+00	2.633960e+00	2.911220e+00	1.282150e-01	1.025851e-02	1.027736e-02
4.000000e+00	4.333330e+00	2.911220e+00	3.188480e+00	8.405530e-02	4.892985e-03	4.919820e-03
4.000000e+00	4.333330e+00	3.188480e+00	3.465740e+00	5.344950e-02	2.707467e-03	2.721363e-03
4.000000e+00	4.333330e+00	3.465740e+00	3.742990e+00	3.267580e-02	1.972269e-03	1.978591e-03
4.000000e+00	4.333330e+00	3.742990e+00	4.020250e+00	1.993790e-02	1.082231e-03	1.075764e-03
4.000000e+00	4.333330e+00	4.020250e+00	4.297510e+00	1.200510e-02	8.716912e-04	8.054559e-04
4.000000e+00	4.333330e+00	4.297510e+00	4.574770e+00	7.278330e-03	6.788168e-04	6.732499e-04
4.000000e+00	4.333330e+00	4.574770e+00	4.852030e+00	4.450690e-03	6.427161e-04	6.413549e-04
4.000000e+00	4.333330e+00	4.852030e+00	5.129290e+00	2.732400e-03	3.852769e-04	3.846292e-04
4.000000e+00	4.333330e+00	5.129290e+00	5.406550e+00	1.673920e-03	3.079426e-04	3.075333e-04
4.000000e+00	4.333330e+00	5.406550e+00	5.683810e+00	1.042600e-03	3.079482e-04	3.083620e-04
4.000000e+00	4.333330e+00	5.683810e+00	5.961070e+00	6.412780e-04	1.300785e-04	1.307025e-04
# END HISTO2D

